population size:50
number of generations:50
number of simulations:25
generation-1
70.4162114.156323.4252185.1273
73.2643170.620785.6964147.1937
67.7666184.072345.1398139.6667
64.181740.4460165.964423.1309
83.596722.634589.918182.1547
61.5842175.784695.4575183.8627
67.5630113.292050.27874.2967
74.019147.0820175.1028172.6097
77.453486.4979132.9667146.2449
68.6062146.283025.663352.0075
67.3664193.741756.1945180.0111
68.7362128.696327.4894198.8505
78.38394.0233164.490921.2128
70.494568.583741.519964.7294
73.3970178.2210195.3035170.4754
71.6090143.100456.8051168.0336
68.9801138.381865.0654190.3586
71.1908103.205164.1708141.2086
67.86313.025924.457829.7292
72.8200103.0646180.4692185.2403
78.296217.459588.647152.4772
71.7646142.3614105.3586126.6063
67.1362194.857777.7200145.7203
74.0143191.1042153.8124193.1286
70.87533.5824145.982332.8159
67.1174185.7954133.430764.5932
68.0099181.1864147.049836.7132
66.773478.823331.877560.3958
67.6586171.8806199.29584.8489
64.197297.7417108.741314.4075
71.135911.1244166.7618138.1127
65.61677.608287.2321173.8692
70.318436.2889123.776045.8263
66.5630165.7506148.362736.6001
71.3104103.8595139.8650158.6950
70.470371.686940.406631.7652
69.5781185.750773.1600188.8046
70.7449132.9537129.799894.9867
82.49978.596256.97556.7682
74.220754.2709178.235464.2722
74.4573140.357092.079968.6268
78.406222.8189134.702560.5184
76.8948102.891557.649455.9905
66.72302.1714152.9663166.3341
67.3063117.993345.1166163.1203
60.006786.12541.149713.0485
72.84042.137899.328688.8948
69.6584196.5319159.354665.7847
68.529374.0382120.6067153.3543
66.112287.5422164.04414.8486

70.5706100.8041102.581499.9615

generation-2
66.8331114.156345.1398139.6667
70.2262113.292025.66334.2967
64.1060132.953764.1708141.2086
79.6157142.3614108.741314.4075
75.792671.686995.457531.7652
71.2544114.156392.0799185.1273
63.3690114.156377.7200145.7203
61.47852.1714152.9663166.3341
77.97927.608277.7200173.8692
66.7736185.750777.7200188.8046
65.7955114.1563139.8650185.1273
71.7183193.7417133.4307180.0111
72.4362181.1864147.049836.7132
69.133571.686931.877531.7652
75.209886.125431.877560.3958
67.548386.4979132.9667146.2449
61.3211143.100456.8051168.0336
70.6151181.186487.232136.7132
67.5518185.7954148.362736.6001
71.8908128.6963199.29584.8489
71.2097181.186465.065436.7132
63.3738103.20511.1497141.2086
70.2557175.784640.4066183.8627
68.2425165.7506159.354665.7847
65.5995146.2830199.29584.8489
65.663397.741723.425214.4075
71.0996191.1042153.8124193.1286
73.069971.686945.1398139.6667
77.300340.4460164.044123.1309
68.631686.125456.194513.0485
79.8266185.795487.2321173.8692
65.8459128.696340.4066198.8505
77.1291146.283073.160052.0075
66.70782.137823.425288.8948
68.9668165.750687.2321173.8692
70.3013132.953750.27874.2967
71.629268.583740.406664.7294
65.387097.7417158.000014.4075
67.5462185.7954145.982332.8159
73.3996103.064645.1166163.1203
71.6724194.8577164.04414.8486
74.2604181.186431.877560.3958
70.641497.741731.877560.3958
62.5430138.3818166.7618138.1127
70.260854.270931.877560.3958
77.844122.818973.160060.5184
69.6681143.1004123.776045.8263
74.1466114.1563108.741314.4075
66.156597.7417139.865014.4075
67.748797.7417159.354614.4075

69.9355119.771692.332186.6806

generation-3
67.8067185.7954148.362732.8159
72.9796185.750777.7200188.8046
69.6442185.750765.065436.7132
62.05222.1378145.982332.8159
70.1317114.1563145.9823145.7203
66.7974181.186477.7200188.8046
66.9176138.3818152.9663166.3341
67.3750114.156323.425214.4075
70.3571191.104292.0799185.1273
65.03412.137840.4066198.8505
75.076997.741777.7200188.8046
71.9557181.1864199.29584.8489
80.7451185.795464.170836.6001
73.9501103.0646139.8650185.1273
74.397368.583731.877564.7294
65.433054.270923.425260.3958
70.2773143.1004152.9663166.3341
68.6587181.1864159.354665.7847
57.4058132.95371.1497141.2086
69.02212.1714159.3546166.3341
69.6526165.7506148.362736.6001
65.919568.5837139.8650185.1273
75.2491114.1563148.3627185.1273
69.92772.171431.8775166.3341
66.4279193.7417166.7618180.0111
66.62122.171450.27874.2967
72.437397.741740.4066198.8505
62.3769103.2051164.04414.8486
61.3677185.7507139.8650185.1273
67.178597.741777.720014.4075
66.062397.741764.170814.4075
64.0455185.750745.1398139.6667
67.2551132.953723.425214.4075
69.7139165.750623.425214.4075
64.5189113.292077.72004.2967
67.7765114.1563199.29584.8489
78.4771181.186456.8051168.0336
64.7036143.100445.1398139.6667
71.3602146.283077.7200145.7203
75.02032.171464.1708141.2086
68.3965113.292056.80514.2967
68.7661132.9537159.354665.7847
66.5049128.6963139.8650198.8505
62.42622.171492.0799166.3341
68.2085165.750645.1398173.8692
76.9295143.1004139.865014.4075
66.3832191.104265.0654193.1286
65.975497.7417139.865014.4075
66.9604165.7506152.9663166.3341
63.609997.741725.66334.2967

68.5254120.046395.6023104.3933

generation-4
73.7315128.696325.66334.2967
76.3672165.7506152.966314.4075
71.5557185.7507145.9823139.6667
74.656468.583756.8051185.1273
71.98772.1714139.8650185.1273
64.5524185.750756.80514.2967
71.9548132.9537152.9663141.2086
67.371354.2709139.865060.3958
67.7687185.7954159.354665.7847
68.0119103.205140.4066198.8505
67.4071185.7507152.9663166.3341
68.687597.741723.425260.3958
61.5956185.750765.0654193.1286
61.4269132.9537148.362714.4075
63.0603185.7954139.8650185.1273
72.5955113.2920139.86504.2967
70.121968.5837139.8650185.1273
73.797554.270977.720060.3958
68.2366132.953765.0654193.1286
72.8915143.1004159.354665.7847
71.7738191.1042152.9663166.3341
64.57612.137856.80514.2967
65.3516143.1004152.9663166.3341
65.1307113.2920139.86504.2967
71.1807191.104292.0799166.3341
73.3477165.750640.4066198.8505
71.1162103.205165.065436.7132
61.9058114.156345.1398185.1273
68.7320185.750723.4252185.1273
65.1548114.1563164.04414.8486
61.26212.137864.170814.4075
65.3979143.1004145.9823139.6667
71.3641132.953792.079914.4075
62.4187143.1004145.982332.8159
65.6758143.100464.170814.4075
66.9663113.2920159.35464.2967
65.3878138.381850.27874.2967
69.19342.1714199.29584.8489
67.9797165.750650.2787166.3341
59.883097.7417139.865014.4075
65.15532.1378148.362736.6001
67.4649113.292092.0799166.3341
67.2495113.292056.80514.2967
71.11472.171431.8775166.3341
72.2056185.750745.1398139.6667
59.67672.171456.80514.2967
77.2713165.7506139.865014.4075
69.7289114.1563159.35464.8489
60.89832.137845.139832.8159
67.0197191.1042139.8650185.1273

67.9872116.2115102.835088.2034

generation-5
65.154397.7417148.362714.4075
70.0465185.795456.80514.2967
82.020054.2709139.865014.4075
72.5405114.156323.42524.8486
67.23142.1378164.04414.8486
79.2298138.3818148.362736.6001
72.042497.741764.170814.4075
63.9529113.2920148.36274.2967
66.6838138.381856.80514.2967
62.26712.1714148.36274.2967
66.544097.741756.805160.3958
67.6827143.100423.4252185.1273
69.2866113.2920148.3627166.3341
73.3008138.381845.1398185.1273
66.1020185.750756.80514.2967
70.4681114.1563164.04414.8486
66.1687185.795492.0799185.1273
66.2539143.1004159.3546166.3341
63.6919185.795456.80514.2967
73.89772.1378139.8650185.1273
72.6591114.156345.13984.8486
67.5426114.156365.0654193.1286
70.6319138.381856.80514.2967
65.62442.1378148.362714.4075
66.6494132.953792.0799166.3341
59.52292.1714139.86504.2967
82.029297.741792.0799166.3341
76.9066185.7954139.8650185.1273
72.7274185.750756.80514.2967
68.84142.137845.1398185.1273
65.4620185.7507139.8650193.1286
60.00272.1378148.362714.4075
65.3617185.7507145.98234.2967
63.2487185.795456.8051185.1273
67.711897.741745.139832.8159
75.7568128.696356.80514.2967
77.5059114.156356.80514.2967
68.6059143.100465.0654193.1286
68.62082.137864.170814.4075
72.1813185.7507139.86504.2967
64.3577185.750745.1398139.6667
66.55882.137865.065414.4075
77.314297.741764.170814.4075
68.26592.1714139.86504.2967
68.0488143.100464.1708139.6667
65.9231113.292064.170814.4075
64.0903185.7954145.9823185.1273
69.9191185.7954145.9823139.6667
68.8967185.750723.42524.2967
71.4700103.2051152.9663166.3341

69.1400113.289395.045373.0880

generation-6
63.33272.1714145.98234.2967
68.82922.137865.06544.8486
70.9528132.953764.170814.4075
63.9175114.1563139.86504.8486
68.72392.137856.80514.2967
74.4124185.7954139.8650193.1286
66.8007185.750745.139832.8159
72.5264185.795465.06544.2967
68.04382.1714148.36274.2967
68.3216138.381856.80514.2967
68.703697.741765.065414.4075
73.94912.1714148.36274.2967
64.2985185.7954139.8650139.6667
77.06662.1378145.982314.4075
70.5276114.1563148.36274.2967
67.8766185.795456.80514.2967
65.3782114.156364.170814.4075
71.366097.7417148.36274.2967
65.9335143.100445.1398139.6667
67.4274143.1004159.3546166.3341
63.84742.171465.065414.4075
68.9021185.7507148.362714.4075
68.1678103.2051148.36274.2967
69.4227185.795445.1398185.1273
65.4403185.7954139.86504.2967
65.59322.171465.0654193.1286
63.36602.137845.1398185.1273
61.08812.1378148.362714.4075
64.4322185.7507139.86504.2967
69.790197.741745.139832.8159
68.34932.1714145.98234.2967
67.81072.171456.80514.2967
65.18282.1714159.35464.2967
70.9490143.1004145.9823139.6667
70.93952.1378148.36274.8486
66.5172138.3818139.86504.2967
72.4890185.7954139.86504.2967
66.4404185.7507139.8650139.6667
72.0113185.7954164.0441185.1273
63.1610185.7954139.86504.2967
68.542797.7417148.362714.4075
69.856197.7417139.865060.3958
70.0208185.750792.0799166.3341
71.03002.1378145.9823185.1273
60.66832.1378145.982314.4075
66.8526185.750765.065414.4075
63.12432.137856.80514.2967
65.6789185.750792.0799166.3341
62.4069143.100464.1708193.1286
70.19882.1714148.36274.2967

67.813498.5540110.354354.9630

generation-7
68.7553143.1004159.35464.2967
66.25142.1378148.3627185.1273
64.99132.171445.1398139.6667
61.07492.1378139.86504.2967
64.1974114.156356.80514.2967
68.13602.1378148.362714.4075
64.6117185.750792.0799166.3341
61.87842.1378139.865014.4075
56.74272.1378139.865014.4075
75.4695185.7507139.8650139.6667
65.10362.1378139.8650185.1273
69.2241185.7954148.36274.2967
67.9410143.1004148.36274.2967
73.2860185.795456.80514.2967
63.63372.1714139.86504.2967
70.6439185.7507159.35464.2967
84.0635185.7507145.98234.2967
67.5489185.795464.1708139.6667
67.12872.137856.80514.2967
63.20452.1714139.8650193.1286
77.7893143.1004139.8650193.1286
63.6829185.7954145.98234.2967
64.61892.1378139.86504.2967
67.7054185.7954139.86504.2967
75.3461114.1563139.86504.8486
56.54542.1378145.982314.4075
76.3385103.205145.13984.2967
69.8259185.7954148.36274.2967
63.5197114.156345.139832.8159
71.1271103.2051139.86504.2967
68.0755143.1004139.8650193.1286
72.4018138.3818139.86504.2967
70.39052.171465.065414.4075
74.2752143.1004148.3627193.1286
62.59072.137864.170814.4075
68.9998185.7507139.86504.2967
70.1591143.100445.1398139.6667
61.845697.7417148.362714.4075
69.75292.1378148.362714.4075
79.7607185.795465.06544.2967
69.2731185.750792.0799139.6667
68.1122185.7507148.3627166.3341
69.67462.171456.80514.2967
69.6679138.381865.0654193.1286
72.54002.1378164.044114.4075
62.20402.137856.8051164.0000
64.73582.1714145.98234.2967
68.0645185.7507159.354632.8159
67.2464114.156364.170814.4075
64.73042.1378145.9823185.1273

68.097794.5135116.834260.4163

generation-8
72.8641138.3818145.9823193.1286
63.08382.1714145.98234.2967
72.5380185.7507139.865014.4075
69.8824143.1004139.8650193.1286
70.70272.1378145.982314.4075
67.7097185.795464.17084.2967
64.61142.1378139.8650185.1273
66.6097138.381856.80514.2967
67.20192.1378139.865014.4075
75.4540143.1004139.86504.2967
69.6478143.100492.07994.2967
60.71352.137864.17084.2967
66.86662.137865.06544.2967
65.5900185.7954159.35464.2967
63.41592.1378139.865014.4075
75.8081185.7507139.8650139.6667
69.791997.741792.079914.4075
58.35922.1714145.982314.4075
65.1978185.795456.80514.2967
66.24712.1714148.3627193.1286
67.2729185.750745.1398166.3341
64.4477185.7507164.044114.4075
68.047897.741764.170814.4075
61.71522.1714139.86504.2967
62.68372.1714159.3546139.6667
60.59672.1714148.36274.2967
64.856897.741756.805114.4075
67.56852.137864.170814.4075
72.95212.1378139.865014.4075
69.3650143.1004159.3546193.1286
69.6906185.750756.8051164.0000
73.0325185.7954159.3546139.6667
67.63202.1378148.362714.4075
59.75572.171492.0799193.1286
59.70722.171456.80514.2967
71.7391114.156356.80514.8486
61.36632.1378159.354614.4075
69.24742.1714145.9823193.1286
58.76212.1378139.8650185.1273
65.93332.1378139.86504.2967
72.34162.1714139.8650193.1286
66.0573114.1563148.36274.2967
68.1816185.7507145.982314.4075
70.6125143.1004148.362714.4075
61.26112.1378139.865014.4075
69.58802.1378139.86504.2967
72.42712.1714139.8650193.1286
59.48372.1714159.354632.8159
65.65722.171445.1398139.6667
64.27092.137864.170814.4075

66.771068.6357118.582563.0266

generation-9
67.70752.1378159.354632.8159
60.76172.137892.0799185.1273
62.37302.1378139.865014.4075
68.0660185.7507159.354614.4075
70.24542.1714139.865014.4075
63.58332.171456.805132.8159
59.08892.1714139.865032.8159
63.77772.1714139.8650193.1286
61.32292.171464.170814.4075
64.81132.1714139.86504.2967
70.1820185.750764.17084.2967
60.37382.1378159.354614.4075
59.60112.1714145.982314.4075
60.8690114.1563139.86504.2967
67.33892.137892.079914.4075
63.29832.171492.0799193.1286
76.3307143.100456.80514.2967
66.7802185.7507159.35464.2967
62.89552.1378145.9823185.1273
68.2636185.7507159.354614.4075
59.3315185.750756.80514.2967
75.647617.000056.805114.4075
66.3421114.1563139.86504.8486
67.11812.1714148.36274.2967
70.5217185.7507159.35464.2967
71.10612.137892.0799193.1286
75.51862.1378139.8650185.1273
70.40432.171464.17084.2967
68.1077185.7507159.35464.2967
61.57072.1714145.98234.2967
64.79332.1378145.982314.4075
73.58282.171485.0000193.1286
62.85262.1714145.982314.4075
61.12352.137864.17084.2967
67.46242.1714139.8650193.1286
68.1163114.1563159.35464.2967
62.82312.1714139.86504.2967
65.115397.741756.805114.4075
64.89132.1714139.8650185.1273
65.44432.1378139.8650185.1273
73.88172.1714145.9823139.6667
63.32972.1378139.865014.4075
65.83232.1378148.362714.4075
73.893397.7417139.865014.4075
67.53602.1378148.36274.2967
64.21402.1378159.35464.2967
68.4232185.7954139.86504.2967
66.4602185.795492.07994.2967
73.8853185.7954139.865014.4075
65.2169185.7507139.8650166.3341

66.444356.2085124.379752.1688

generation-10
66.89102.1714117.000032.8159
62.4745185.7507139.8650185.1273
69.148497.7417145.982314.4075
64.42752.1714145.982314.4075
69.73622.137892.07994.2967
73.1998114.1563145.982314.4075
68.4999114.156356.80514.2967
61.54962.137856.805114.4075
63.58842.137856.80514.2967
59.71992.1714139.86504.2967
69.08822.137856.80514.2967
65.38862.137864.17084.2967
75.2555114.156356.805114.4075
69.6318114.1563139.8650193.1286
74.3632114.1563145.98234.2967
63.52162.1714139.8650166.3341
67.289197.741756.805114.4075
70.69562.1378145.9823185.1273
66.20362.1714159.354614.4075
63.62442.171492.0799185.1273
62.01072.137856.805114.4075
61.3433185.7507139.8650166.3341
71.4349185.7507139.86504.2967
63.76072.137892.07994.2967
57.96082.1378139.8650166.3341
64.21012.1714139.865014.4075
60.48942.1378139.8650185.1273
67.915497.741792.0799185.1273
63.29092.1714139.8650185.1273
65.35202.1714159.354632.8159
65.55292.1378139.86504.2967
62.21702.1714145.98234.2967
67.15522.1378145.9823185.1273
67.28432.1714159.354632.8159
70.2035185.7507139.86504.2967
62.98992.1378159.3546185.1273
59.20042.1378139.865014.4075
59.55342.1378145.982314.4075
64.623897.7417139.86504.2967
60.48122.1714139.865012.0000
65.87002.1378159.354614.4075
65.04222.1378145.98234.2967
67.49662.1378145.9823185.1273
66.28832.1378139.865014.4075
66.76842.1714145.982314.4075
67.57252.1378139.86504.2967
62.50212.171492.079914.4075
75.6535185.7507159.35464.2967
68.18602.171464.17084.2967
75.1001114.156392.07994.2967

66.036141.5997122.701955.2436

generation-11
60.63382.1714159.354632.8159
59.49692.1714139.865014.4075
70.934697.7417139.865014.4075
63.54802.1378159.354614.4075
68.25802.171492.079912.0000
67.5201114.1563145.9823193.1286
62.4916185.7507145.98234.2967
62.4955185.7507145.9823166.3341
57.91942.1378145.98234.2967
64.66692.171492.079914.4075
68.18222.1378139.865014.4075
71.9102185.750792.0799166.3341
67.31752.1378159.35464.2967
60.07362.1714145.982332.8159
63.00772.1378145.98234.2967
65.8798185.7507139.865012.0000
66.5540114.1563139.865012.0000
69.08432.137856.805114.4075
67.89772.1714139.86504.2967
59.21332.1378159.3546185.1273
71.39442.137892.0799185.1273
64.4773185.7507139.8650185.1273
65.70192.1378139.8650166.3341
62.13762.171492.07994.2967
61.71612.1714139.865014.4075
66.72042.1378139.8650166.3341
57.05282.1714139.865014.4075
67.70772.137856.80514.2967
60.70182.1714139.8650166.3341
68.7653185.7507139.865014.4075
60.27722.1378139.865014.4075
65.96192.1714139.8650185.1273
63.49592.1714139.86504.2967
62.36402.1378139.865014.4075
64.7101185.7507139.865014.4075
64.83042.1714139.86504.2967
63.52842.137892.07994.2967
61.71412.1378139.86504.2967
62.16932.1378139.8650185.1273
62.21082.1714139.865014.4075
72.83662.1378139.8650166.3341
65.78682.1378139.86504.2967
69.27842.1714139.8650185.1273
62.18002.1714145.982314.4075
66.5263185.7507145.982314.4075
68.45292.137864.17084.2967
67.25742.1378139.8650185.1273
66.968297.7417145.982314.4075
73.7031185.7507145.9823166.3341
58.59972.1378139.8650166.3341

64.926243.5038132.077164.1541

generation-12
63.5443114.1563139.865012.0000
64.1546185.7507139.8650166.3341
63.4752185.7507145.982314.4075
71.10222.1714159.354632.8159
57.35772.1714139.865014.4075
62.70722.1378139.86504.2967
65.81862.1378139.865014.4075
62.43032.1378145.98234.2967
70.21502.1714139.865014.4075
73.05992.1378145.98234.2967
59.74412.1378139.8650185.1273
60.71732.1378139.8650166.3341
62.76192.171492.0799166.3341
61.11722.1714139.8650166.3341
65.85842.1378139.86504.2967
66.75422.1378139.86504.2967
72.21822.1378139.8650185.1273
66.57132.1378139.86504.2967
73.4335185.7507139.865014.4075
64.62022.171492.07994.2967
67.93542.1714139.8650185.1273
71.50062.1714139.865032.8159
64.63502.1714139.8650185.1273
66.33052.1714159.354632.8159
68.14752.1714139.865014.4075
69.38522.1714139.8650166.3341
63.22222.1714139.8650185.1273
66.86882.1378139.86504.2967
65.16492.1714139.865014.4075
69.868297.741777.000014.4075
61.73402.171492.07994.2967
75.3197185.7507145.982314.4075
68.75462.1714139.865014.4075
65.65792.1378139.86504.2967
64.58952.1378139.8650166.3341
67.38272.1378145.982332.8159
69.32902.1378159.35464.2967
66.92262.1714139.8650166.3341
63.86762.1378145.98234.2967
69.48322.1714145.98234.2967
72.88442.1378139.8650185.1273
72.9698114.1563139.8650185.1273
69.52282.1378145.982332.8159
66.91612.137892.079914.4075
58.21652.1714139.8650166.3341
56.31332.1714145.982314.4075
60.18022.1378139.86504.2967
64.68052.171456.80514.2967
65.85022.1378139.8650166.3341
58.36082.1378139.8650185.1273

65.993123.2338135.394267.8289

generation-13
60.59322.1378139.865014.4075
59.71742.1714159.3546166.3341
70.72592.1378139.86504.2967
70.00302.1378139.86504.2967
62.07082.1714145.982314.4075
62.53132.1714145.9823166.3341
66.81832.1714145.982314.4075
64.62382.1714139.8650185.1273
66.96452.171492.0799185.1273
71.38672.1714139.865032.8159
70.12242.1378139.86504.2967
60.31172.1714139.865014.4075
68.42372.1378139.8650166.3341
67.95852.1378139.86504.2967
70.30252.137856.80514.2967
76.43022.1714139.865014.4075
65.13932.1714139.86504.2967
61.32532.1714139.8650166.3341
65.42502.1714139.8650166.3341
70.49242.1378139.865032.8159
66.56962.137877.000014.4075
65.45342.171492.079914.4075
67.89622.1714139.865014.4075
60.12582.1714139.8650185.1273
68.85602.1714139.865014.4075
73.89332.1714139.8650166.3341
70.01362.1378139.8650166.3341
63.06322.1378139.86504.2967
66.52002.1378139.86504.2967
64.95682.1714139.86504.2967
68.4439185.750792.079914.4075
66.12282.1714139.865014.4075
60.40852.1714139.8650166.3341
65.25212.1714139.8650185.1273
59.33772.1378139.86504.2967
72.22602.1714139.865014.4075
72.20802.1714139.8650185.1273
69.78812.1378139.8650185.1273
66.64582.1378139.86504.2967
66.67082.1378139.865014.4075
71.79732.1378139.8650185.1273
60.34682.1378139.8650185.1273
70.18812.171492.079914.4075
67.45032.1378139.86504.2967
72.31532.1378139.8650166.3341
61.68872.1378139.8650185.1273
66.07302.1378145.98234.2967
70.00503.0000139.8650185.1273
72.18092.1714139.8650166.3341
57.85532.137892.07994.2967

66.71445.8441133.047276.8421

generation-14
63.81972.1378139.8650185.1273
64.11042.1714139.865014.4075
58.59332.1714139.865014.4075
64.29432.1714139.8650166.3341
69.51902.1714139.865014.4075
70.59442.1378139.86504.2967
60.89222.1378139.865014.4075
69.96052.1378139.8650185.1273
65.18312.1714145.982314.4075
72.88232.1714139.8650166.3341
69.52112.1378139.86504.2967
57.33672.1378139.86504.2967
68.10782.1714139.8650166.3341
62.63432.1714139.865014.4075
65.29142.1378139.865014.4075
67.58382.1714145.98234.2967
69.31462.1714139.8650185.1273
64.68812.1714139.8650185.1273
68.25402.1714139.8650166.3341
65.65612.1714139.86504.2967
71.34902.1378139.8650185.1273
63.60482.1378139.8650185.1273
67.16872.1714139.86504.2967
60.10722.1378139.86504.2967
68.38502.1378139.8650166.3341
71.74012.1378139.86504.2967
65.21932.1378139.86504.2967
62.24712.1714139.8650166.3341
67.29472.1714139.86504.2967
61.86362.1378159.3546166.3341
59.16532.1714139.8650166.3341
63.91042.1378139.86504.2967
68.49602.1714139.865014.4075
62.23412.1714139.86504.2967
78.124743.000077.000014.4075
59.95162.171477.000014.4075
61.11422.1714139.865014.4075
68.67632.1714139.8650166.3341
62.83782.1378139.8650166.3341
63.14302.1714139.865014.4075
66.98482.1378139.8650185.1273
69.43432.1714139.8650166.3341
68.99102.1714139.865014.4075
69.50702.1378139.865032.8159
73.82492.1378139.8650185.1273
70.89002.1378159.354614.4075
66.71242.1378159.3546166.3341
62.31042.1378139.8650166.3341
60.55562.1378139.865014.4075
63.65582.1378159.3546166.3341

65.95472.9719139.154382.2037

generation-15
68.692622.0000139.8650166.3341
61.49572.1378139.86504.2967
61.77842.1714139.865014.4075
62.30492.1378139.865014.4075
63.36262.1714139.8650166.3341
62.23242.1714139.8650185.1273
66.81682.1714139.865014.4075
63.68992.1714139.86504.2967
63.48702.1714139.8650185.1273
65.80452.1714139.865014.4075
61.63372.1714139.865014.4075
68.23802.1378139.8650166.3341
62.42052.1714139.8650166.3341
62.94072.1378139.865014.4075
57.67042.1714139.8650166.3341
59.32672.1378139.8650166.3341
63.73652.1378139.8650166.3341
64.33902.1378139.86504.2967
67.53542.137877.00004.2967
59.60822.1714139.865014.4075
62.94442.1714139.86504.2967
60.54662.1714139.86504.2967
59.15922.1714139.86504.2967
69.76052.1378139.8650166.3341
69.34762.1378139.8650166.3341
64.84342.1378159.3546166.3341
65.41222.1714139.8650185.1273
69.33602.1714139.86504.2967
67.03322.1714139.86504.2967
69.51702.1378139.86504.2967
68.88822.1378139.8650166.3341
60.67982.1378139.865014.4075
69.48312.1378139.8650185.1273
61.55002.1378139.865014.4075
60.90202.1378139.8650166.3341
62.32372.1714139.865014.4075
56.51092.1714139.8650166.3341
61.67182.171477.000014.4075
70.39432.1714139.8650185.1273
66.71642.1714139.8650166.3341
67.32622.1714139.865014.4075
68.94482.1714139.86504.2967
62.94682.1714139.8650166.3341
68.60732.1378139.865014.4075
65.38952.1714139.8650166.3341
62.33912.1714159.3546166.3341
68.22882.1378139.86504.2967
67.87822.1714159.3546185.1273
62.88952.1714139.865014.4075
66.07902.1378139.86504.2967

64.49532.5546138.519883.9201

generation-16
65.65212.1378139.8650166.3341
59.74722.1714139.865014.4075
64.67392.1714139.8650166.3341
65.53502.1378139.8650166.3341
64.82432.1378139.8650166.3341
65.18412.171477.000014.4075
69.04832.1714139.86504.2967
64.73362.1714139.8650166.3341
56.12812.1714139.86504.2967
69.48672.1714139.8650166.3341
64.27912.1378139.865014.4075
60.47792.137877.00004.2967
62.44002.1714139.8650166.3341
65.27662.1714139.865014.4075
65.11002.1714139.865014.4075
60.45202.1714139.865014.4075
67.76012.1714139.8650185.1273
66.69662.1714139.8650166.3341
66.71092.1714139.86504.2967
71.45432.1378139.865014.4075
64.66262.1714139.86504.2967
70.67172.1714139.8650166.3341
64.06232.1714139.8650185.1273
61.41142.1378139.8650166.3341
66.35932.1714139.865014.4075
64.43542.1714139.8650166.3341
63.01182.1714139.8650166.3341
66.97932.1714139.86504.2967
67.34312.1378139.8650166.3341
67.05612.1714139.8650185.1273
63.51752.1378139.865014.4075
71.25272.1714139.865014.4075
66.01932.1378139.8650166.3341
67.35662.1714139.865014.4075
69.00672.1378159.3546166.3341
70.24922.1714159.3546166.3341
65.67952.1714139.8650166.3341
63.90352.1714139.8650166.3341
59.73362.1714139.865014.4075
73.36062.1714139.8650166.3341
60.12612.1378139.8650166.3341
61.13502.1714159.3546166.3341
62.07052.1714139.8650166.3341
65.57132.1378139.8650166.3341
57.85382.1714139.86504.2967
73.49582.1378139.8650166.3341
59.87762.1378139.86504.2967
68.87172.1714139.86504.2967
66.96792.1714139.8650166.3341
66.60092.1714139.865014.4075

65.28632.1613138.519898.7941

generation-17
62.00522.1378139.86504.2967
60.71182.1714139.865014.4075
62.90082.1714139.86504.2967
65.93442.1378139.86504.2967
67.72752.1714139.86504.2967
67.16762.1714139.8650166.3341
69.16822.1714139.8650166.3341
64.64712.1378139.8650166.3341
65.15342.1714139.865014.4075
64.95272.1714139.865014.4075
64.77472.1714139.8650166.3341
72.59072.1378139.86504.2967
65.76222.1714139.8650166.3341
59.26622.1378139.8650166.3341
58.84282.1714159.35464.2967
70.81192.171477.00004.2967
58.74292.1714139.8650166.3341
69.60742.1378139.86504.2967
62.36002.1378139.86504.2967
64.84272.1378139.86504.2967
70.45262.1378139.865014.4075
65.29582.1714139.8650166.3341
66.04542.1714139.8650166.3341
62.14722.1714139.86504.2967
67.87312.1714139.8650166.3341
71.94202.1378139.8650166.3341
75.61862.1714159.3546166.3341
68.73282.1714139.8650166.3341
63.49832.1378159.3546166.3341
68.24782.1714139.8650166.3341
64.78002.1714139.86504.2967
70.60422.1714139.865014.4075
62.23182.1714159.35464.2967
64.41392.1378139.8650166.3341
71.69442.1378139.8650166.3341
73.4579158.0000139.8650185.1273
71.66112.1714139.86504.2967
70.11662.1714139.8650185.1273
72.22902.1714139.8650166.3341
61.77252.1714139.8650166.3341
68.79192.1714139.8650166.3341
67.83392.1378139.8650166.3341
69.44302.1714139.86504.2967
69.95632.1714139.8650185.1273
57.11582.1378139.86504.2967
72.72082.1378139.865014.4075
64.98772.1714139.86504.2967
59.68592.1714139.865014.4075
62.60202.1714139.86504.2967
65.16772.1714139.865014.4075

66.38185.2772140.166984.8200

generation-18
67.54102.1378139.8650166.3341
69.20192.1378159.3546166.3341
66.65792.1714139.865014.4075
64.42032.1714139.86504.2967
69.34862.1378139.86504.2967
63.81992.1378139.8650166.3341
65.91642.1714139.865014.4075
71.74082.1378139.8650166.3341
62.16682.1714139.865014.4075
61.16012.1714139.8650166.3341
73.90252.1714139.8650166.3341
66.17222.1378139.86504.2967
69.53242.1378159.3546166.3341
68.70402.1714139.865014.4075
63.86302.1714139.8650185.1273
55.75372.1714139.86504.2967
61.57092.1714139.8650166.3341
73.49902.1378139.86504.2967
77.84092.1714139.8650166.3341
69.18732.1378139.86504.2967
73.45352.1378139.8650166.3341
65.34922.1378139.86504.2967
62.54002.1714139.86504.2967
60.61082.1714139.86504.2967
63.12732.1378139.86504.2967
65.35972.1714139.86504.2967
67.09952.1714139.86504.2967
73.19632.1714139.8650166.3341
70.96662.1714139.8650185.1273
60.47702.1378139.86504.2967
63.77942.1714159.3546166.3341
57.89952.1714139.86504.2967
63.73982.1378139.8650166.3341
78.408771.0000139.8650166.3341
65.49702.1714139.86504.2967
62.85712.1714139.8650166.3341
66.35162.1714159.354614.4075
66.09872.1378139.8650166.3341
60.34852.1378139.86504.2967
62.69092.1714139.8650166.3341
75.45002.1714139.8650166.3341
65.62722.1714139.86504.2967
66.20062.1714139.86504.2967
68.62532.1714139.86504.2967
62.40642.1714139.86504.2967
62.23312.1378139.86504.2967
67.20972.1378139.86504.2967
65.42012.1714139.8650166.3341
62.50912.1714139.86504.2967
64.79772.1378159.35464.2967

66.24663.5352141.814074.1152

generation-19
62.40692.1714139.865014.4075
66.77142.1714139.86504.2967
66.27532.1714139.865014.4075
63.99632.1714139.86504.2967
65.97722.1378139.86504.2967
67.26652.1714139.86504.2967
70.35692.1714139.86504.2967
70.45002.1378139.8650166.3341
64.83732.1714139.865014.4075
60.30742.1714139.86504.2967
57.14322.1714139.8650185.1273
67.37332.1714139.86504.2967
65.39052.1714139.86504.2967
67.33382.1378139.8650166.3341
70.77522.1714139.86504.2967
62.80682.1714139.86504.2967
68.67182.1714139.86504.2967
68.45772.1714139.86504.2967
62.67502.1378139.86504.2967
67.48412.1378159.35464.2967
60.73672.1378139.86504.2967
75.56692.1378139.8650166.3341
61.92922.1714139.865014.4075
63.34102.1714139.86504.2967
63.61952.1378139.86504.2967
72.16782.1378139.86504.2967
62.30602.1378139.86504.2967
66.36572.1714139.865014.4075
59.13732.1714139.8650166.3341
72.53112.1378139.86504.2967
71.78302.1714139.86504.2967
66.85312.1714139.8650166.3341
61.95722.1714139.86504.2967
65.45442.1714139.8650166.3341
61.02102.1714139.86504.2967
75.66642.1714139.86504.2967
63.97482.1378139.865014.4075
68.03112.1714139.8650185.1273
86.83492.1714139.8650166.3341
66.51652.1714139.86504.2967
59.90352.1378139.86504.2967
66.75832.1714139.86504.2967
58.99382.1378139.8650166.3341
60.64622.1714139.86504.2967
70.56532.1714139.86504.2967
59.18562.1714139.86504.2967
64.86942.1378139.8650166.3341
67.81952.1714139.86504.2967
59.14122.1378139.8650166.3341
61.39272.1378139.8650166.3341

65.83652.1600140.254848.3915

generation-20
68.08112.1378139.86504.2967
66.42842.1714139.86504.2967
64.86402.1714139.86504.2967
70.49252.1714139.8650166.3341
63.55022.1714139.86504.2967
63.62932.1714139.8650185.1273
61.93112.1714139.865014.4075
59.87392.1714139.86504.2967
66.49732.1714139.86504.2967
71.95002.1378139.8650166.3341
72.62232.1378139.86504.2967
63.50282.1714139.86504.2967
65.22332.1378139.86504.2967
59.60192.1714139.86504.2967
69.75192.1714139.86504.2967
64.58932.1378139.8650166.3341
66.45512.1714142.000014.4075
69.16052.1378139.86504.2967
63.81192.1714139.86504.2967
65.75962.1714139.8650166.3341
68.72142.1714139.8650166.3341
62.85652.1714139.86504.2967
69.08752.1378139.86504.2967
66.62142.1714139.8650166.3341
67.30752.1714139.86504.2967
65.55332.1378139.86504.2967
68.23222.1714139.86504.2967
72.91982.1378139.86504.2967
59.10372.1714139.8650185.1273
62.01692.1378139.86504.2967
64.74812.1378139.86504.2967
64.71672.1378139.8650166.3341
71.84692.1714139.865014.4075
71.29192.1378139.865014.4075
63.55822.1378139.86504.2967
66.37842.1714139.8650166.3341
66.69052.1714139.86504.2967
58.09152.1714139.865014.4075
74.81242.1378139.8650166.3341
75.30222.1714139.8650185.1273
79.72312.1714139.86504.2967
65.53462.1714139.86504.2967
65.53522.1378139.8650166.3341
66.00942.1378139.86504.2967
63.49472.1378139.8650166.3341
59.42622.1378139.8650166.3341
69.76362.1714139.8650166.3341
72.25912.1378139.86504.2967
66.88332.1378139.8650166.3341
66.12812.1378139.865014.4075

66.64782.1566139.907761.7303

generation-21
61.51922.1714142.00004.2967
58.07202.1378139.8650166.3341
79.24192.1714139.865014.4075
64.37842.1714139.86504.2967
67.44642.1378139.86504.2967
70.68712.1714139.865014.4075
56.60722.1714139.86504.2967
62.68042.1714139.86504.2967
65.64402.1378139.8650166.3341
63.18102.1378139.86504.2967
66.25312.1378139.86504.2967
73.51992.1378139.86504.2967
62.79662.1714139.86504.2967
71.46702.1378139.8650166.3341
74.64792.1378139.8650166.3341
67.75072.1714139.86504.2967
62.93462.1378139.8650166.3341
62.50062.1378139.8650166.3341
61.10242.1714139.8650185.1273
57.60452.1714142.00004.2967
68.31682.1378139.86504.2967
61.15512.1714139.86504.2967
65.87462.1714139.86504.2967
73.17342.1714139.865014.4075
68.39782.1714139.8650166.3341
56.08662.1714139.86504.2967
61.32992.1714139.8650166.3341
70.60182.1714139.8650166.3341
64.36562.1714139.865014.4075
62.27132.1378139.8650166.3341
62.38292.1378139.86504.2967
62.52662.1378139.865014.4075
59.07072.1378139.86504.2967
63.25622.1714139.86504.2967
66.15002.1714139.8650166.3341
62.80072.1378139.86504.2967
67.16122.1714139.8650166.3341
72.94302.1714139.865014.4075
70.45872.1378139.86504.2967
65.64342.1714139.86504.2967
60.61932.1378139.86504.2967
57.85582.1714139.86504.2967
62.66042.1714139.8650185.1273
61.39222.1378139.8650166.3341
65.46712.1714139.8650166.3341
63.14032.1378139.8650166.3341
75.19222.1378139.86504.2967
72.34892.1714139.8650166.3341
67.00972.1378139.86504.2967
64.82792.1714139.86504.2967

65.29032.1566139.950464.5952

generation-22
67.99702.1714139.86504.2967
59.04642.1714139.86504.2967
61.17992.1714139.86504.2967
62.68772.1714139.86504.2967
67.35802.1378139.8650166.3341
65.18912.1714139.8650185.1273
65.06892.1378139.86504.2967
83.97792.1378139.86504.2967
62.27652.1378139.86504.2967
60.82802.1714139.86504.2967
62.64962.1378139.8650166.3341
64.96932.1378139.8650166.3341
62.32912.1714139.86504.2967
65.13782.1714139.86504.2967
70.07752.1714139.86504.2967
61.81892.1714139.86504.2967
61.78902.1714139.8650166.3341
72.94662.1378139.8650166.3341
67.14622.1714139.86504.2967
59.48212.1714139.86504.2967
60.30482.1378139.86504.2967
64.40492.1378139.86504.2967
70.92752.1378142.0000166.3341
75.26042.1714139.86504.2967
67.93982.1714139.86504.2967
64.34002.1714139.86504.2967
69.54602.1378139.8650166.3341
63.50962.1378139.86504.2967
65.39162.1714139.86504.2967
66.43212.1714142.00004.2967
71.98382.1714139.865014.4075
69.83842.1714139.8650185.1273
65.55502.1378139.86504.2967
75.32692.1714139.865014.4075
68.45882.1714139.86504.2967
63.98232.1378139.86504.2967
62.51452.1714139.86504.2967
63.27752.1714139.86504.2967
67.25332.1714139.86504.2967
60.52712.1714139.8650166.3341
75.02302.1378126.00004.2967
70.11732.1378139.8650166.3341
73.10012.1378139.865014.4075
58.74232.1714139.8650166.3341
63.92602.1714139.86504.2967
62.34192.1714139.8650166.3341
65.10772.1378139.8650166.3341
57.19342.1714139.86504.2967
55.65492.1378139.8650166.3341
67.31032.1714139.86504.2967

65.78492.1587139.673154.2663

generation-23
70.09952.1714139.86504.2967
58.96702.1714139.8650166.3341
64.81712.1714139.86504.2967
71.97612.1714139.865014.4075
65.95352.1714139.86504.2967
67.44262.1714139.8650166.3341
63.69342.1378139.86504.2967
65.90272.1714139.86504.2967
64.98892.1714139.86504.2967
65.52752.1714139.86504.2967
66.07562.1714139.86504.2967
65.99612.1714139.86504.2967
60.99732.1378139.86504.2967
64.77752.1714139.86504.2967
81.4911112.0000139.865014.4075
71.71802.1714139.86504.2967
63.90182.1714139.86504.2967
62.93902.1714139.86504.2967
74.47872.1378139.8650166.3341
64.25662.1714139.86504.2967
73.45812.1714139.86504.2967
68.09032.1378139.86504.2967
63.81632.1714139.86504.2967
64.23012.1714139.86504.2967
64.22022.1378139.86504.2967
60.44582.1378139.8650166.3341
60.54972.1714139.86504.2967
62.62432.1378139.86504.2967
67.59122.1378139.8650166.3341
67.17962.1714139.86504.2967
80.40862.1714139.86504.2967
66.62032.1714139.86504.2967
67.29992.1714139.86504.2967
70.32972.1714139.86504.2967
68.12422.1378139.86504.2967
70.37392.1378139.86504.2967
68.47962.1714139.8650166.3341
67.51552.1378139.86504.2967
68.23252.1378139.86504.2967
66.09052.1714139.8650166.3341
66.50942.1714139.86504.2967
61.91742.1378139.86504.2967
64.30092.1714139.86504.2967
66.00142.1714139.86504.2967
68.53082.1714139.86504.2967
65.22212.1714139.86504.2967
68.71772.1714139.8650166.3341
74.40332.1714139.86504.2967
71.53782.1714139.86504.2967
69.64712.1714139.86504.2967

67.16944.3593139.865030.6271

generation-24
67.88432.1714139.86504.2967
65.43012.1378139.86504.2967
63.61562.1714139.86504.2967
57.23362.1714139.86504.2967
60.29052.1378139.86504.2967
60.67352.1714139.86504.2967
68.19632.1714139.8650166.3341
64.58122.1714139.86504.2967
64.56262.1714139.86504.2967
67.38632.1714139.86504.2967
67.48052.1714139.86504.2967
59.59592.1714139.86504.2967
64.56732.1378139.8650166.3341
68.59852.1714139.86504.2967
69.77072.1378139.86504.2967
65.42462.1714139.8650166.3341
65.74102.1378139.86504.2967
64.80832.1378139.86504.2967
63.29472.1714139.86504.2967
67.95002.1714139.86504.2967
66.23862.1378139.86504.2967
66.17402.1714139.86504.2967
69.77832.1714139.86504.2967
69.29562.1714139.86504.2967
61.23092.1714139.8650166.3341
62.32542.1714139.86504.2967
68.78652.1714139.86504.2967
66.95282.1714139.86504.2967
63.16552.1714139.86504.2967
61.69552.1714139.86504.2967
67.00772.1714139.86504.2967
65.86532.1714139.8650166.3341
76.39632.1714139.86504.2967
65.37612.1378139.86504.2967
62.64772.1714139.86504.2967
66.11462.1714139.86504.2967
59.65412.1714139.86504.2967
62.14142.1714139.86504.2967
61.67202.1378139.86504.2967
67.35012.1714139.8650166.3341
66.09332.1714139.86504.2967
68.32142.1714139.86504.2967
66.08392.1714139.86504.2967
67.21922.1714139.86504.2967
65.12772.1714139.86504.2967
63.83872.1714139.86504.2967
60.44822.1378139.86504.2967
66.15482.1378139.86504.2967
61.52382.1378139.86504.2967
65.50242.1378139.86504.2967

65.14532.1627139.865023.7412

generation-25
59.81582.1714139.8650166.3341
71.42812.1714139.86504.2967
67.13812.1714139.86504.2967
68.40692.1378139.86504.2967
72.06642.1714139.8650166.3341
67.22982.1378139.8650166.3341
63.83062.1714139.86504.2967
62.39282.1714139.86504.2967
67.50442.1378139.86504.2967
65.27352.1378139.86504.2967
61.45122.1378139.86504.2967
64.55112.1714139.86504.2967
63.53222.1714139.86504.2967
60.93292.1378139.86504.2967
73.61002.1714139.86504.2967
63.26922.1714139.86504.2967
58.95272.1378139.86504.2967
63.09202.1378139.86504.2967
66.39282.1714139.86504.2967
61.21542.1714139.86504.2967
62.26652.1714139.86504.2967
65.35582.1714139.86504.2967
71.48132.1714139.86504.2967
65.52662.1378139.86504.2967
73.53512.1378139.86504.2967
62.25162.1714139.86504.2967
63.68992.1714139.86504.2967
70.36842.1714139.86504.2967
63.70242.1378139.86504.2967
60.74182.1714139.86504.2967
66.72632.1714139.86504.2967
57.83432.1714139.86504.2967
67.53232.1714139.86504.2967
60.43282.1714139.86504.2967
68.07752.1714139.8650166.3341
58.68982.1714139.86504.2967
62.72182.1714139.86504.2967
65.89182.1378139.86504.2967
68.50312.1714139.86504.2967
62.07992.1714139.86504.2967
68.95102.1714139.8650166.3341
67.22722.1378139.8650166.3341
67.03222.1714139.86504.2967
63.02672.1714139.86504.2967
63.44522.1714139.8650166.3341
60.89372.1378139.86504.2967
64.27792.1714139.86504.2967
67.12872.1714139.8650166.3341
61.37482.1714139.86504.2967
67.19142.1378139.86504.2967

65.00092.1613139.865030.2227

generation-26
72.50492.1378139.86504.2967
65.82962.1714139.86504.2967
59.14012.1378139.86504.2967
69.55612.1378139.86504.2967
69.33932.1714139.86504.2967
69.61882.1714139.86504.2967
62.39592.1714139.86504.2967
71.62442.1714139.86504.2967
62.48892.1714139.8650166.3341
65.86652.1714139.86504.2967
70.87402.1714139.86504.2967
60.88892.1714139.86504.2967
60.58852.1714139.86504.2967
70.11412.1378139.86504.2967
62.08582.1378139.8650166.3341
65.43892.1714139.86504.2967
68.50442.1714139.86504.2967
76.16222.1714139.86504.2967
61.36232.1714139.86504.2967
64.37512.1378139.86504.2967
68.63842.1378139.86504.2967
68.43682.1714139.86504.2967
64.38982.1714139.86504.2967
69.96262.1714139.86504.2967
65.97712.1378139.86504.2967
73.49522.1714139.86504.2967
69.23202.1378139.86504.2967
70.7379133.0000139.86504.2967
60.63442.1714139.86504.2967
72.38972.1714139.86504.2967
62.80562.1714139.86504.2967
61.73732.1714139.86504.2967
60.83142.1714139.86504.2967
58.46672.1714139.86504.2967
64.81552.1714139.86504.2967
64.14712.1378139.86504.2967
66.51932.1378139.86504.2967
65.04852.1714139.86504.2967
64.48302.1714139.86504.2967
72.39902.1714139.86504.2967
64.26162.1714139.86504.2967
63.95932.1714139.86504.2967
67.01162.1714139.8650166.3341
66.60512.1714139.86504.2967
57.82412.1714139.86504.2967
62.96022.1714139.86504.2967
66.33422.1714139.8650166.3341
64.19452.1714139.86504.2967
61.40612.1714139.86504.2967
67.11052.1714139.86504.2967

65.91154.7806139.865017.2597

generation-27
66.18862.1714139.86504.2967
57.94282.1714139.86504.2967
58.64982.1714139.86504.2967
61.76092.1714139.86504.2967
60.34312.1378139.86504.2967
66.46372.1714139.86504.2967
61.18552.1714139.86504.2967
65.60152.1378139.86504.2967
65.36122.1714139.8650166.3341
65.49162.1378139.86504.2967
57.95092.1714139.86504.2967
64.48532.1714139.86504.2967
58.02802.1378139.86504.2967
66.59472.1714139.8650166.3341
62.74222.1714139.86504.2967
64.33272.1714139.86504.2967
62.23912.1378139.86504.2967
60.07292.1714139.86504.2967
63.81182.1714139.86504.2967
58.69612.1714139.86504.2967
68.06632.1714139.86504.2967
66.77562.1714139.86504.2967
66.29522.1714139.86504.2967
72.72602.1714139.86504.2967
65.38412.1714139.86504.2967
67.04032.1714139.8650166.3341
75.74792.1714139.86504.2967
68.47022.1714185.00004.2967
69.10182.1714139.86504.2967
68.90992.1714139.86504.2967
69.18392.1714139.86504.2967
61.98562.1378139.86504.2967
67.26352.1378139.86504.2967
67.00052.1378139.86504.2967
65.39252.1714139.86504.2967
70.97522.1714139.86504.2967
65.37892.1714139.86504.2967
68.25742.1378139.86504.2967
68.45142.1714139.86504.2967
64.95672.1378139.86504.2967
62.11482.1714139.86504.2967
58.47522.1714139.86504.2967
62.31112.1714139.86504.2967
66.17682.1714139.86504.2967
71.49362.1714139.86504.2967
61.05312.1714139.86504.2967
57.25752.1714139.86504.2967
71.80372.1714139.86504.2967
58.06082.1714139.86504.2967
67.69522.1378139.86504.2967

64.83492.1640140.767714.0190

generation-28
62.82732.1378139.86504.2967
72.81702.1378139.86504.2967
62.89862.1714139.86504.2967
63.55672.1714139.86504.2967
68.22442.1714139.86504.2967
76.01922.1378139.86504.2967
60.29212.1714139.86504.2967
65.15292.1378139.86504.2967
66.40092.1714139.86504.2967
60.27342.1714139.8650166.3341
70.87882.1714139.86504.2967
59.55932.1378139.86504.2967
60.50102.1714139.86504.2967
64.24642.1378139.86504.2967
66.08762.1714139.86504.2967
63.52522.1714139.86504.2967
68.66062.1378139.86504.2967
67.89202.1714139.86504.2967
59.40302.1714139.86504.2967
66.35992.1714139.86504.2967
60.39002.1714139.86504.2967
59.21412.1714139.86504.2967
66.23212.1714139.86504.2967
69.63742.1714139.86504.2967
70.22462.1714139.86504.2967
63.16162.1714139.86504.2967
62.41662.1714139.86504.2967
63.53152.1714139.86504.2967
59.88872.1378139.86504.2967
67.22602.1714139.86504.2967
64.29812.1714139.8650166.3341
71.71622.1714185.00004.2967
67.03432.1714139.86504.2967
62.32302.1714139.86504.2967
69.19492.1378139.86504.2967
60.17092.1714139.86504.2967
68.75652.1714139.86504.2967
60.11012.1714139.86504.2967
60.71832.1714139.86504.2967
66.61242.1714139.8650166.3341
68.46622.1714139.86504.2967
62.21302.1714139.86504.2967
62.09602.1378139.86504.2967
63.24762.1714139.86504.2967
66.78022.1714139.86504.2967
63.24392.1714139.8650166.3341
62.27002.1714139.86504.2967
59.21432.1714139.86504.2967
62.06662.1714139.86504.2967
62.48182.1378139.86504.2967

64.61032.1640140.767717.2597

generation-29
64.17922.1378139.86504.2967
65.49832.1714139.86504.2967
72.44232.1714139.86504.2967
64.16852.1714139.86504.2967
65.29692.1714139.86504.2967
69.15222.1714139.86504.2967
66.76252.1714139.86504.2967
71.23652.1714139.86504.2967
67.30982.1714139.8650166.3341
65.41092.1714139.86504.2967
66.44862.1714139.8650166.3341
62.65142.1714139.865085.0000
67.05002.1714185.00004.2967
60.43962.1378139.86504.2967
63.35632.1714139.86504.2967
69.16392.1378139.86504.2967
64.39142.1378139.86504.2967
66.86352.1714139.86504.2967
66.01732.1378139.86504.2967
63.67062.1714139.86504.2967
65.10672.1714139.86504.2967
62.08832.1714139.86504.2967
60.39772.1714139.86504.2967
68.05972.1714139.86504.2967
58.75942.1378139.8650166.3341
58.02172.1714139.86504.2967
65.67532.1714139.86504.2967
64.24992.1714139.86504.2967
67.71762.1714139.86504.2967
63.78832.1714139.86504.2967
66.84092.1378139.86504.2967
64.86152.1714139.86504.2967
65.36722.1714139.86504.2967
56.96352.1378139.86504.2967
58.91332.1714139.86504.2967
68.63812.1714139.86504.2967
64.63742.1714139.86504.2967
66.57432.1714139.86504.2967
65.28362.1714139.86504.2967
61.01582.1714139.86504.2967
65.31212.1714139.86504.2967
64.78682.1714139.86504.2967
67.90672.1714139.86504.2967
65.47812.1714139.86504.2967
66.01502.1714139.86504.2967
67.49222.1714139.86504.2967
66.98432.1378139.86504.2967
67.87982.1714139.8650166.3341
62.14312.1714139.86504.2967
67.27472.1714139.8650166.3341

65.11492.1654140.767722.1145

generation-30
67.41382.1714139.86504.2967
57.42202.1714139.8650166.3341
65.71482.1714139.86504.2967
62.34482.1714139.86504.2967
64.02632.1378139.86504.2967
67.90172.1378139.86504.2967
75.29652.1714139.86504.2967
63.52612.1714139.86504.2967
67.72812.1378139.86504.2967
68.38452.1714139.865085.0000
66.64872.1714139.86504.2967
63.00832.1378139.86504.2967
64.65452.1714139.86504.2967
66.01272.1378139.8650166.3341
66.77432.1714139.86504.2967
64.90082.1714139.86504.2967
66.92732.1714139.86504.2967
64.56452.1714139.86504.2967
73.69542.1714139.86504.2967
67.95022.1714139.86504.2967
63.09442.1378139.86504.2967
70.14692.1714139.86504.2967
67.90692.1714139.86504.2967
64.46352.1714139.86504.2967
65.64902.1714139.86504.2967
63.03622.1714139.86504.2967
68.36292.1714139.86504.2967
67.38362.1714139.86504.2967
62.47522.1714139.86504.2967
71.10272.1714139.86504.2967
67.80642.1714139.86504.2967
58.60702.1378139.8650166.3341
70.90852.1714139.86504.2967
61.72902.1714139.86504.2967
55.73972.1714139.86504.2967
72.27392.1714139.86504.2967
64.89862.1714139.86504.2967
68.76502.1714139.86504.2967
63.87352.1378139.86504.2967
61.01112.1714139.86504.2967
66.34972.1714139.86504.2967
62.88952.1714139.86504.2967
68.05352.1714139.86504.2967
75.71832.1714139.86504.2967
70.18962.1714139.86504.2967
61.64812.1714139.86504.2967
61.78642.1714185.00004.2967
65.94442.1714139.86504.2967
63.07442.1714139.86504.2967
61.00442.1714139.86504.2967

65.81582.1661140.767715.6330

generation-31
65.96162.1714139.86504.2967
70.72062.1378139.86504.2967
63.54922.1714139.86504.2967
63.62752.1714139.86504.2967
67.86192.1714139.86504.2967
69.02492.1714139.865085.0000
72.26892.1378139.86504.2967
58.07422.1378139.8650166.3341
62.71812.1714139.8650166.3341
69.83782.1714139.86504.2967
69.33322.1714139.86504.2967
61.39422.1714139.86504.2967
59.19602.1714185.00004.2967
63.76382.1714139.86504.2967
67.24942.1714139.86504.2967
68.25462.1714139.86504.2967
66.70882.1714139.86504.2967
67.48852.1714139.86504.2967
67.09302.1378139.86504.2967
68.02262.1378139.86504.2967
63.04692.1378139.86504.2967
68.43062.1714139.86504.2967
73.30752.1378139.86504.2967
62.34452.1714139.86504.2967
64.06522.1714139.86504.2967
66.63662.1378185.00004.2967
72.76732.1714139.86504.2967
67.82442.1378139.86504.2967
65.70792.1714139.86504.2967
62.53132.1378139.86504.2967
65.08932.1378139.86504.2967
67.77012.1714139.86504.2967
62.38712.1714139.8650166.3341
66.86002.1714139.86504.2967
70.79242.1714139.8650166.3341
63.41992.1378139.86504.2967
61.81362.1378139.86504.2967
69.54352.1714139.8650166.3341
60.60262.1378139.86504.2967
62.68012.1714139.86504.2967
71.83812.1714139.86504.2967
68.60232.1714139.86504.2967
64.77722.1714139.86504.2967
71.87702.1714139.86504.2967
66.36012.1714139.86504.2967
63.63162.1714139.86504.2967
68.34352.1714139.86504.2967
70.98272.1714139.8650166.3341
66.30672.1714139.8650166.3341
63.36992.1714139.86504.2967

66.31722.1620141.670428.5960

generation-32
61.18372.1714139.8650166.3341
77.02952.1714139.86504.2967
66.71892.1714139.86504.2967
64.60022.1714139.8650166.3341
70.69192.1378139.86504.2967
60.97672.1714185.00004.2967
60.60412.1714139.86504.2967
72.26012.1378139.8650166.3341
69.82852.1378139.86504.2967
71.89462.1714185.00004.2967
59.71992.1714139.86504.2967
67.20612.1714139.86504.2967
64.57822.1714139.86504.2967
59.41272.1714139.86504.2967
67.92952.1714139.86504.2967
64.78242.1378185.00004.2967
59.56302.1378139.86504.2967
72.84852.1714139.86504.2967
64.10572.1714139.86504.2967
63.43542.1378139.8650166.3341
67.80422.1714139.86504.2967
64.28112.1714139.8650166.3341
65.74882.1714139.8650166.3341
71.29622.1714139.86504.2967
65.21952.1714139.86504.2967
61.91942.1714139.86504.2967
65.17182.1714139.8650166.3341
64.88372.1378139.86504.2967
64.98522.1714139.86504.2967
67.49972.1378139.86504.2967
68.89422.1378139.86504.2967
59.93122.1378139.86504.2967
65.63312.1378139.86504.2967
59.75362.1714185.00004.2967
69.11632.1714139.86504.2967
66.53682.1378139.86504.2967
62.86162.1714139.86504.2967
70.29102.1378139.8650166.3341
57.74822.1714139.86504.2967
63.04252.1378139.86504.2967
64.44162.1714139.86504.2967
65.59922.1714139.86504.2967
67.27092.1714139.86504.2967
68.94632.1378139.86504.2967
65.83812.1714139.8650166.3341
69.08492.1714139.86504.2967
63.99752.1714139.86504.2967
76.72392.1714139.86504.2967
56.55692.1714139.8650166.3341
65.25882.1714139.8650166.3341

65.71412.1613143.475839.9450

generation-33
59.15252.1714139.86504.2967
78.45902.1714139.86504.2967
61.63042.1714185.00004.2967
76.19812.1714139.86504.2967
62.01612.1714139.86504.2967
70.81652.1378185.00004.2967
64.16602.1714139.86504.2967
69.35042.1714139.8650166.3341
67.14382.1378139.86504.2967
61.79972.1714139.8650166.3341
64.56562.1714139.86504.2967
65.81262.1714139.86504.2967
63.67382.1378139.86504.2967
67.27952.1714139.86504.2967
73.82812.1714139.8650166.3341
63.19392.1714139.8650166.3341
58.78532.1714139.86504.2967
67.71952.1714139.8650166.3341
65.97092.1714139.86504.2967
64.90432.1714139.86504.2967
72.45352.1378139.86504.2967
63.62232.1714139.8650166.3341
66.31372.1378139.86504.2967
69.29102.1714139.8650166.3341
67.29122.1378139.86504.2967
62.03212.1378139.86504.2967
70.50542.1378139.86504.2967
63.09672.1714139.86504.2967
61.41002.1714139.86504.2967
64.31382.1378139.86504.2967
66.77102.1714139.86504.2967
64.75482.1378139.86504.2967
65.57742.1714139.86504.2967
68.11952.1714139.86504.2967
73.76582.1714139.86504.2967
73.98742.1714139.8650166.3341
58.42792.1378139.86504.2967
64.37392.1378139.8650166.3341
66.47642.1378139.86504.2967
59.81452.1714139.8650166.3341
69.16182.1714139.86504.2967
72.70732.1378139.86504.2967
72.30462.1714185.00004.2967
66.82182.1714139.86504.2967
63.40992.1714139.86504.2967
70.24222.1378139.86504.2967
65.19182.1714139.8650166.3341
63.71652.1714139.86504.2967
72.53042.1714139.8650166.3341
70.62142.1714139.8650166.3341

66.71142.1613142.573146.4265

generation-34
65.78572.1714139.8650166.3341
68.71162.1378139.86504.2967
67.20282.1714139.86504.2967
60.57082.1714139.86504.2967
60.25112.1714139.86504.2967
65.66252.1714139.8650166.3341
71.44562.1714139.86504.2967
62.61252.1714139.8650166.3341
67.27902.1714139.86504.2967
66.50922.1714139.86504.2967
71.12752.1714185.0000166.3341
69.03132.1714139.8650166.3341
73.03912.1714139.8650166.3341
62.50772.1714139.86504.2967
67.14902.1714139.8650166.3341
69.29932.1714139.86504.2967
61.72542.1714139.86504.2967
58.06542.1378139.86504.2967
66.35932.1714139.86504.2967
71.63222.1714139.86504.2967
69.30842.1714139.86504.2967
62.8577129.0000139.86504.2967
70.17542.1714139.86504.2967
70.93462.1714139.8650166.3341
70.93662.1378139.86504.2967
70.28002.1714139.86504.2967
69.63892.1714139.8650166.3341
65.79542.1378139.86504.2967
62.63942.1714139.86504.2967
62.95422.1714139.86504.2967
66.23562.1714139.86504.2967
62.03232.1714139.86504.2967
63.93922.1714139.86504.2967
62.01322.1378139.8650166.3341
61.51432.1378139.86504.2967
67.80602.1714139.86504.2967
69.96402.1378139.86504.2967
64.00162.1714139.86504.2967
67.91462.1714139.86504.2967
60.35402.1714139.8650166.3341
64.84642.1378139.86504.2967
62.19562.1714139.8650166.3341
64.93512.1714139.86504.2967
58.68072.1714139.8650166.3341
70.97272.1714139.86504.2967
62.92692.1714139.86504.2967
73.34542.1714139.86504.2967
70.65372.1378185.00004.2967
65.70342.1378139.86504.2967
63.63532.1714139.86504.2967

66.10314.7013141.670446.4265

generation-35
67.71042.1714139.86504.2967
62.58262.1714139.8650166.3341
70.8088143.0000139.86504.2967
68.58842.1378139.86504.2967
66.92852.1378139.86504.2967
66.97752.1714139.86504.2967
72.07672.1714139.86504.2967
67.2941129.0000139.86504.2967
70.74662.1714139.865072.0000
69.00592.1714139.86504.2967
70.28432.1714139.86504.2967
72.96232.1378139.86504.2967
67.64012.1714139.86504.2967
64.99432.1378139.8650166.3341
64.02592.1714139.86504.2967
67.12862.1714139.8650166.3341
68.22342.1378139.86504.2967
65.21142.1378139.86504.2967
66.00592.1378139.8650166.3341
65.08882.1714139.86504.2967
61.45872.1714139.8650166.3341
66.64392.1714139.86504.2967
62.46462.1714139.8650166.3341
61.71442.1714139.86504.2967
61.99412.1378139.86504.2967
71.98962.1714139.86504.2967
78.93452.1378139.86504.2967
67.97222.1378139.86504.2967
68.65382.1378139.8650166.3341
69.03922.1714139.8650166.3341
62.30612.1714139.8650166.3341
68.63592.1714139.86504.2967
63.49912.1714139.86504.2967
62.16562.1714139.86504.2967
65.19872.1714139.86504.2967
67.15792.1714139.86504.2967
64.96962.1714139.86504.2967
69.12592.1378139.8650166.3341
64.79202.1378139.86504.2967
69.56522.1714139.86504.2967
64.41602.1378139.86504.2967
73.32222.1714139.86504.2967
65.52632.1378139.86504.2967
65.28892.1378139.8650166.3341
65.07172.1378139.86504.2967
61.12582.1714139.86504.2967
67.9284129.0000139.86504.2967
65.42212.1714139.8650166.3341
67.53182.1714139.86504.2967
71.69802.1714139.8650166.3341

66.997910.0497139.865047.7805

generation-36
65.34822.1714139.8650166.3341
63.77812.1714139.8650166.3341
71.34102.1714139.86504.2967
75.32022.1378139.86504.2967
63.29622.1714139.86504.2967
67.42572.1714139.8650166.3341
69.98232.1714139.86504.2967
64.71912.1714139.86504.2967
64.31232.1714139.86504.2967
61.39532.1714139.86504.2967
62.86482.1714139.86504.2967
71.61182.1378139.86504.2967
69.33752.1714139.86504.2967
61.80662.1378139.86504.2967
61.23572.1714139.8650166.3341
66.97522.1714139.86504.2967
68.88162.1714139.8650166.3341
63.18952.1714139.86504.2967
72.91352.1378139.86504.2967
70.12272.1378139.8650166.3341
70.25552.1378139.86504.2967
70.40072.1378139.86504.2967
62.95522.1714139.86504.2967
69.631597.0000139.86504.2967
70.80322.1714139.86504.2967
59.98652.1378139.86504.2967
73.6658129.0000139.86504.2967
64.68132.1714139.86504.2967
64.29512.1714139.86504.2967
60.93442.1714139.86504.2967
57.75272.1714139.86504.2967
62.66232.1714139.8650166.3341
63.29232.1378139.8650166.3341
69.55952.1378139.86504.2967
59.58152.1714139.8650166.3341
61.91072.1714139.86504.2967
66.01192.1714139.8650166.3341
62.48092.1378139.8650166.3341
62.27862.1714139.86504.2967
62.71322.1714139.86504.2967
66.38862.1714139.86504.2967
63.27282.1714139.86504.2967
67.61212.1714139.86504.2967
64.73522.1714139.86504.2967
66.67492.1714139.86504.2967
60.62062.1378139.86504.2967
66.87472.1714139.8650166.3341
63.67962.1378139.8650166.3341
74.94842.1378139.86504.2967
67.42542.1714139.86504.2967

65.87886.5952139.865046.4265

